size		countSort	quickSort	shellsort	selectsort	sortchoice	bubblesort
1000		0.000219	0.000234	0.000176	0.002979	0.004614	0.003243	
1333		0.000179	0.000290	0.000292	0.095032	0.005737	0.021585	
1777		0.000152	0.000380	0.000454	0.009882	0.064968	0.054564	
2369		0.000247	0.000573	0.000560	0.051563	0.058146	0.031195	
3158		0.000219	0.000618	0.000567	0.026828	0.046655	0.125997	
4210		0.000261	0.000826	0.000820	0.050501	0.059144	0.043721	
5613		0.000273	0.001022	0.001005	0.087998	0.127105	0.303579	
7484		0.000352	0.001541	0.001443	0.178469	0.151588	0.633372	
9978		0.000384	0.001981	0.002179	0.219260	0.225389	0.723441	
13304		0.000486	0.003942	0.003123	0.400207	0.396305	1.014995	
17738		0.000568	0.003549	0.004305	0.833616	0.731595	1.163881	
23650		0.000679	0.004999	0.005804	1.259333	1.236230	3.314254	
31533		0.000899	0.006576	0.007466	2.165333	2.212112	7.027702	
42044		0.001079	0.009036	0.010760	3.843549	3.886014	12.778440	
56058		0.001323	0.012301	0.013394	6.890346	6.880713	22.448494	
74744		0.001722	0.016265	0.020529	12.204202	12.245133		
99658		0.002197	0.021771	0.026131	21.779083	21.750462		
132877		0.002888	0.030534	0.035771				
177169		0.003715	0.040274	0.048557				
236225		0.004916	0.055865	0.068682				
314966		0.006497	0.074036	0.096831				
419954		0.008550	0.100052	0.124869				
559938		0.011534	0.134567	0.172654				
746584		0.015389	0.190269	0.229007				
995445		0.020594	0.247820	0.311475				
1327260		0.026983	0.337583	0.443650				
1769680		0.035939	0.453440	0.584613				
2359573		0.048363	0.616228	0.823091				
3146097		0.064137	0.844199	1.101637				
4194796		0.084764	1.132639	1.560127				
5593061		0.112674	1.532968	2.066252				
7457414		0.150206	2.063141	2.745124				
9943218		0.203467	2.799988	3.882611				
13257624	0.280190	3.799465	5.145204				
17676832	0.367701	5.107760	7.158421				
23569109	0.486944	6.981204	9.524510				
31425478	0.639027	9.531082	12.955608				
41900637	0.849468	12.743915	17.742874				
55867516	1.136571	17.173897	23.791893				
74490021	1.509954	23.098202					
99320028	2.004676						
